--[[
白教了，江已经被我打压了，已经不是我徒弟了，我不认识
]]

local library = loadstring(game:HttpGet("https://raw.githubusercontent.com/JsYb666/UI/refs/heads/main/%E5%BD%A9%E8%99%B9.lua"))()

local Window = library:new("江Script HUB")

local LLCQt = Window:Tab("力量传奇",'94003822271551')
local LLCQ = LLCQt:section("主要&功能",true)
local LLQR = LLCQt:section("自动收集",true)
local LLRQ = LLCQt:section("跑步机",true)
local LLRE = LLCQt:section("岩石",true)
local LLQQ = LLCQt:section("传送位置",true)

LLCQ:Toggle("自动比赛开关", "AR", false, function(AR)
  while AR do wait() wait(2) game:GetService("ReplicatedStorage").rEvents.brawlEvent:FireServer("joinBrawl") end
end)
LLCQ:Toggle("自动举哑铃", "ATYL", false, function(ATYL)
  local part = Instance.new('Part', workspace) part.Size = Vector3.new(500, 20, 530.1) part.Position = Vector3.new(0, 100000, 133.15) part.CanCollide = true part.Anchored = true local rs = game:GetService("RunService").RenderStepped while ATYL do wait() game.Players.LocalPlayer.Character.HumanoidRootPart.CFrame = part.CFrame + Vector3.new(0, 50, 0) for i,v in pairs(game.Players.LocalPlayer.Backpack:GetChildren()) do if v.ClassName == "Tool" and v.Name == "Weight" then v.Parent = game.Players.LocalPlayer.Character end end game:GetService("Players").LocalPlayer.muscleEvent:FireServer("rep") end
end)
LLCQ:Toggle("自动俯卧撑", "ATFWC", false, function(ATFWC)
  local part = Instance.new('Part', workspace) part.Size = Vector3.new(500, 20, 530.1) part.Position = Vector3.new(0, 100000, 133.15) part.CanCollide = true part.Anchored = true local rs = game:GetService("RunService").RenderStepped while ATFWC do wait() game.Players.LocalPlayer.Character.HumanoidRootPart.CFrame = part.CFrame + Vector3.new(0, 50, 0) for i,v in pairs(game.Players.LocalPlayer.Backpack:GetChildren()) do if v.ClassName == "Tool" and v.Name == "Pushups" then v.Parent = game.Players.LocalPlayer.Character end end game:GetService("Players").LocalPlayer.muscleEvent:FireServer("rep") end
end)
LLCQ:Toggle("自动仰卧起坐", "ATYWQZ", false, function(ATYWQZ)
  local part = Instance.new('Part', workspace) part.Size = Vector3.new(500, 20, 530.1) part.Position = Vector3.new(0, 100000, 133.15) part.CanCollide = true part.Anchored = true local rs = game:GetService("RunService").RenderStepped while ATYWQZ do wait() game.Players.LocalPlayer.Character.HumanoidRootPart.CFrame = part.CFrame + Vector3.new(0, 50, 0) for i,v in pairs(game.Players.LocalPlayer.Backpack:GetChildren()) do if v.ClassName == "Tool" and v.Name == "Situps" then v.Parent = game.Players.LocalPlayer.Character end end end game:GetService("Players").LocalPlayer.muscleEvent:FireServer("rep")
end)
LLCQ:Toggle("自动倒立身体", "ATDL", false, function(ATDL)
  local part = Instance.new('Part', workspace) part.Size = Vector3.new(500, 20, 530.1) part.Position = Vector3.new(0, 100000, 133.15) part.CanCollide = true part.Anchored = true local rs = game:GetService("RunService").RenderStepped while ATDL do wait() game.Players.LocalPlayer.Character.HumanoidRootPart.CFrame = part.CFrame + Vector3.new(0, 50, 0) for i,v in pairs(game.Players.LocalPlayer.Backpack:GetChildren()) do if v.ClassName == "Tool" and v.Name == "Handstands" then v.Parent = game.Players.LocalPlayer.Character end end end game:GetService("Players").LocalPlayer.muscleEvent:FireServer("rep")
end)
LLCQ:Toggle("自动锻炼", "ATAAA", false, function(ATAAA)
  local part = Instance.new('Part', workspace) part.Size = Vector3.new(500, 20, 530.1) part.Position = Vector3.new(0, 100000, 133.15) part.CanCollide = true part.Anchored = true while ATAAA do wait() game.Players.LocalPlayer.Character.HumanoidRootPart.CFrame = part.CFrame + Vector3.new(0, 50, 0) for i, v in pairs(game.Players.LocalPlayer.Backpack:GetChildren()) do if v.ClassName == "Tool" and v.Name == "Handstands" or v.Name == "Situps" or v.Name == "Pushups" or v.Name == "Weight" then v:FindFirstChildOfClass("NumberValue").Value = 0 repeat wait() until game.Players.LocalPlayer.Backpack:FindFirstChildOfClass("Tool") game.Players.LocalPlayer.Character:WaitForChild("Humanoid"):EquipTool(v) game:GetService("Players").LocalPlayer.muscleEvent:FireServer("rep") end end end
end)

LLQR:Toggle("自动重生", "ATRE", false, function(ATRE)
  while ATRE do wait() game:GetService("ReplicatedStorage").rEvents.rebirthRemote:InvokeServer("rebirthRequest") end
end)
LLQR:Button("收集宝石", function()
  jk = {} for _, v in pairs(game:GetService("ReplicatedStorage").chestRewards:GetDescendants()) do if v.Name ~= "Light Karma Chest" or v.Name ~= "Evil Karma Chest" then table.insert(jk, v.Name) end end for i = 1, #jk do wait(2) game:GetService("ReplicatedStorage").rEvents.checkChestRemote:InvokeServer(jk[i]) end
end)

LLRQ:Toggle("沙滩跑步机10", "PPJ10", false, function(PPJ10)
    getgenv().PPJ10 = PPJ10 while getgenv().PPJ10 do wait() game.Players.LocalPlayer.Character:WaitForChild("Humanoid").WalkSpeed = 10 game.Players.LocalPlayer.Character:WaitForChild("HumanoidRootPart").CFrame = CFrame.new(238.671112, 5.40315914, 387.713165, -0.0160072874, -2.90710176e-08, -0.99987185, -3.3434191e-09, 1, -2.90212157e-08, 0.99987185, 2.87843993e-09, -0.0160072874) local oldpos = game.Players.LocalPlayer.Character:WaitForChild("HumanoidRootPart").CFrame local RunService = game:GetService("RunService") local Players = game:GetService("Players") local localPlayer = Players.LocalPlayer RunService:BindToRenderStep("move", Enum.RenderPriority.Character.Value + 1, function() if localPlayer.Character then local humanoid = localPlayer.Character:WaitForChild("Humanoid") if humanoid then humanoid:Move(Vector3.new(10000, 0, -1), true) end end end) end if not getgenv().PPJ10 then local RunService = game:GetService("RunService") local Players = game:GetService("Players") local localPlayer = Players.LocalPlayer RunService:UnbindFromRenderStep("move", Enum.RenderPriority.Character.Value + 1, function() if localPlayer.Character then local humanoid = localPlayer.Character:FindFirstChild("Humanoid") if humanoid then humanoid:Move(Vector3.new(10000, 0, -1), true) end end end) end
end)
LLRQ:Toggle("健身房跑步机2000", "PPJ2000", false, function(PPJ2000)
    if game.Players.LocalPlayer.Agility.Value >= 2000 then getgenv().PPJ2000 = PPJ2000 while getgenv().PPJ2000 do wait() game.Players.LocalPlayer.Character:WaitForChild("Humanoid").WalkSpeed = 10 game.Players.LocalPlayer.Character:WaitForChild("HumanoidRootPart").CFrame = CFrame.new(-3005.37866, 14.3221855, -464.697876, -0.015773816, -1.38508964e-08, 0.999875605, -5.13225586e-08, 1, 1.30429667e-08, -0.999875605, -5.11104332e-08, -0.015773816) local oldpos = game.Players.LocalPlayer.Character:WaitForChild("HumanoidRootPart").CFrame local RunService = game:GetService("RunService") local Players = game:GetService("Players") local localPlayer = Players.LocalPlayer RunService:BindToRenderStep("move", Enum.RenderPriority.Character.Value + 1, function() if localPlayer.Character then local humanoid = localPlayer.Character:WaitForChild("Humanoid") if humanoid then humanoid:Move(Vector3.new(10000, 0, -1), true) end end end) end end if not getgenv().PPJ2000 then local RunService = game:GetService("RunService") local Players = game:GetService("Players") local localPlayer = Players.LocalPlayer RunService:UnbindFromRenderStep("move", Enum.RenderPriority.Character.Value + 1, function() if localPlayer.Character then local humanoid = localPlayer.Character:FindFirstChild("Humanoid") if humanoid then humanoid:Move(Vector3.new(10000, 0, -1), true) end end end) end
end)
LLRQ:Toggle("神话健身房跑步机2000", "SHPPJ2000", false, function(SHPPJ2000)
    if game.Players.LocalPlayer.Agility.Value >= 2000 then getgenv().SHPPJ2000 = SHPPJ2000 while getgenv().SHPPJ2000 do wait() game.Players.LocalPlayer.Character:WaitForChild("Humanoid").WalkSpeed = 10 game.Players.LocalPlayer.Character:WaitForChild("HumanoidRootPart").CFrame = CFrame.new(2571.23706, 15.6896839, 898.650391, 0.999968231, 2.23868635e-09, -0.00797206629, -1.73198844e-09, 1, 6.35660768e-08, 0.00797206629, -6.3550246e-08, 0.999968231) local oldpos = game.Players.LocalPlayer.Character:WaitForChild("HumanoidRootPart").CFrame local RunService = game:GetService("RunService") local Players = game:GetService("Players") local localPlayer = Players.LocalPlayer RunService:BindToRenderStep("move", Enum.RenderPriority.Character.Value + 1, function() if localPlayer.Character then local humanoid = localPlayer.Character:WaitForChild("Humanoid") if humanoid then humanoid:Move(Vector3.new(10000, 0, -1), true) end end end) end end if not getgenv().SHPPJ2000 then local RunService = game:GetService("RunService") local Players = game:GetService("Players") local localPlayer = Players.LocalPlayer RunService:UnbindFromRenderStep("move", Enum.RenderPriority.Character.Value + 1, function() if localPlayer.Character then local humanoid = localPlayer.Character:FindFirstChild("Humanoid") if humanoid then humanoid:Move(Vector3.new(10000, 0, -1), true) end end end) end
end)
LLRQ:Toggle("永恒健身房跑步机3500", "YHPPJ3500", false, function(YHPPJ3500)
    if game.Players.LocalPlayer.Agility.Value >= 3500 then getgenv().YHPPJ3500 = YHPPJ3500 while getgenv().YHPPJ3500 do wait() game.Players.LocalPlayer.Character:WaitForChild("Humanoid").WalkSpeed = 10 game.Players.LocalPlayer.Character:WaitForChild("HumanoidRootPart").CFrame = CFrame.new(-7077.79102, 29.6702118, -1457.59961, -0.0322036594, -3.31122768e-10, 0.99948132, -6.44344267e-09, 1, 1.23684493e-10, -0.99948132, -6.43611742e-09, -0.0322036594) local oldpos = game.Players.LocalPlayer.Character:WaitForChild("HumanoidRootPart").CFrame local RunService = game:GetService("RunService") local Players = game:GetService("Players") local localPlayer = Players.LocalPlayer RunService:BindToRenderStep("move", Enum.RenderPriority.Character.Value + 1, function() if localPlayer.Character then local humanoid = localPlayer.Character:WaitForChild("Humanoid") if humanoid then humanoid:Move(Vector3.new(10000, 0, -1), true) end end end) end end if not getgenv().YHPPJ3500 then local RunService = game:GetService("RunService") local Players = game:GetService("Players") local localPlayer = Players.LocalPlayer RunService:UnbindFromRenderStep("move", Enum.RenderPriority.Character.Value + 1, function() if localPlayer.Character then local humanoid = localPlayer.Character:FindFirstChild("Humanoid") if humanoid then humanoid:Move(Vector3.new(10000, 0, -1), true) end end end) end
end)
LLRQ:Toggle("传奇健身房跑步机3000", "CQPPJ3000", false, function(CQPPJ3000)
    if game.Players.LocalPlayer.Agility.Value >= 3000 then getgenv().CQPPJ3000 = CQPPJ3000 while getgenv().CQPPJ3000 do wait() game.Players.LocalPlayer.Character:WaitForChild("Humanoid").WalkSpeed = 10 game.Players.LocalPlayer.Character:WaitForChild("HumanoidRootPart").CFrame = CFrame.new(4370.82812, 999.358704, -3621.42773, -0.960604727, -8.41949266e-09, -0.27791819, -6.12478646e-09, 1, -9.12496567e-09, 0.27791819, -7.06329528e-09, -0.960604727) local oldpos = game.Players.LocalPlayer.Character:WaitForChild("HumanoidRootPart").CFrame local RunService = game:GetService("RunService") local Players = game:GetService("Players") local localPlayer = Players.LocalPlayer RunService:BindToRenderStep("move", Enum.RenderPriority.Character.Value + 1, function() if localPlayer.Character then local humanoid = localPlayer.Character:WaitForChild("Humanoid") if humanoid then humanoid:Move(Vector3.new(10000, 0, -1), true) end end end) end end if not getgenv().CQPPJ3000 then local RunService = game:GetService("RunService") local Players = game:GetService("Players") local localPlayer = Players.LocalPlayer RunService:UnbindFromRenderStep("move", Enum.RenderPriority.Character.Value + 1, function() if localPlayer.Character then local humanoid = localPlayer.Character:FindFirstChild("Humanoid") if humanoid then humanoid:Move(Vector3.new(10000, 0, -1), true) end end end) end
end)

LLRE:Toggle("石头0", "RK0", false, function(RK0)
    getgenv().RK0 = RK0 while getgenv().RK0 do wait() for i,v in pairs(game.Players.LocalPlayer.Backpack:GetChildren()) do if v:IsA("Tool") and v.Name == "Punch" then game.Players.LocalPlayer.Character:WaitForChild("Humanoid"):EquipTool(v) end end for i,h in pairs(game.Players.LocalPlayer.Character:GetChildren()) do if h:IsA("Tool") and h.Name == "Punch" then h:Activate() end end game.Players.LocalPlayer.Character:WaitForChild("HumanoidRootPart").CFrame = CFrame.new(7.60643005, 4.02632904, 2104.54004, -0.23040159, -8.53662385e-08, -0.973095655, -4.68743764e-08, 1, -7.66279342e-08, 0.973095655, 2.79580536e-08, -0.23040159) end if not getgenv().RK0 then game.Players.LocalPlayer.Character:WaitForChild("Humanoid"):UnequipTools() end
end)
LLRE:Toggle("石头10", "RK10", false, function(RK10)
    if game.Players.LocalPlayer.Durability.Value >= 10 then getgenv().RK10 = RK10 while getgenv().RK10 do wait() for i,v in pairs(game.Players.LocalPlayer.Backpack:GetChildren()) do if v:IsA("Tool") and v.Name == "Punch" then game.Players.LocalPlayer.Character:WaitForChild("Humanoid"):EquipTool(v) end end for i,h in pairs(game.Players.LocalPlayer.Character:GetChildren()) do if h:IsA("Tool") and h.Name == "Punch" then h:Activate() end end game.Players.LocalPlayer.Character:WaitForChild("HumanoidRootPart").CFrame = CFrame.new(-157.680908, 3.72453046, 434.871185, 0.923298299, -1.81774684e-09, -0.384083599, 3.45247031e-09, 1, 3.56670582e-09, 0.384083599, -4.61917082e-09, 0.923298299) end if not getgenv().RK10 then game.Players.LocalPlayer.Character:WaitForChild("Humanoid"):UnequipTools() end end
end)
LLRE:Toggle("石头100", "RK100", false, function(RK100)
    if game.Players.LocalPlayer.Durability.Value >= 100 then getgenv().RK100 = RK100 while getgenv().RK100 do wait() for i,v in pairs(game.Players.LocalPlayer.Backpack:GetChildren()) do if v:IsA("Tool") and v.Name == "Punch" then game.Players.LocalPlayer.Character:WaitForChild("Humanoid"):EquipTool(v) end end for i,h in pairs(game.Players.LocalPlayer.Character:GetChildren()) do if h:IsA("Tool") and h.Name == "Punch" then h:Activate() end end game.Players.LocalPlayer.Character:WaitForChild("HumanoidRootPart").CFrame = CFrame.new(162.233673, 3.66615629, -164.686783, -0.921312928, -1.80826774e-07, -0.38882193, -9.13036544e-08, 1, -2.48719346e-07, 0.38882193, -1.93647494e-07, -0.921312928) end if not getgenv().RK100 then game.Players.LocalPlayer.Character:WaitForChild("Humanoid"):UnequipTools() end end
end)
LLRE:Toggle("石头5000", "RK5000", false, function(RK5000)
    if game.Players.LocalPlayer.Durability.Value >= 5000 then getgenv().RK5000 = RK5000 while getgenv().RK5000 do wait() for i,v in pairs(game.Players.LocalPlayer.Backpack:GetChildren()) do if v:IsA("Tool") and v.Name == "Punch" then game.Players.LocalPlayer.Character:WaitForChild("Humanoid"):EquipTool(v) end end for i,h in pairs(game.Players.LocalPlayer.Character:GetChildren()) do if h:IsA("Tool") and h.Name == "Punch" then h:Activate() end end game.Players.LocalPlayer.Character:WaitForChild("HumanoidRootPart").CFrame = CFrame.new(329.831482, 3.66450214, -618.48407, -0.806075394, -8.67358096e-08, 0.591812849, -1.05715522e-07, 1, 2.57029176e-09, -0.591812849, -6.04919563e-08, -0.806075394) end if not getgenv().RK5000 then game.Players.LocalPlayer.Character:WaitForChild("Humanoid"):UnequipTools() end end
end)
LLRE:Toggle("石头150000", "RK150000", false, function(RK150000)
    if game.Players.LocalPlayer.Durability.Value >= 150000 then getgenv().RK150000 = RK150000 while getgenv().RK150000 do wait() for i,v in pairs(game.Players.LocalPlayer.Backpack:GetChildren()) do if v:IsA("Tool") and v.Name == "Punch" then game.Players.LocalPlayer.Character:WaitForChild("Humanoid"):EquipTool(v) end end for i,h in pairs(game.Players.LocalPlayer.Character:GetChildren()) do if h:IsA("Tool") and h.Name == "Punch" then h:Activate() end end game.Players.LocalPlayer.Character:WaitForChild("HumanoidRootPart").CFrame = CFrame.new(-2566.78076, 3.97019577, -277.503235, -0.923934579, -4.11600105e-08, -0.382550538, -3.38838042e-08, 1, -2.57576183e-08, 0.382550538, -1.08360858e-08, -0.923934579) end if not getgenv().RK150000 then game.Players.LocalPlayer.Character:WaitForChild("Humanoid"):UnequipTools() end end
end)
LLRE:Toggle("石头400000", "RK400000", false, function(RK400000)
    if game.Players.LocalPlayer.Durability.Value >= 400000 then getgenv().RK400000 = RK400000 while getgenv().RK400000 do wait() for i,v in pairs(game.Players.LocalPlayer.Backpack:GetChildren()) do if v:IsA("Tool") and v.Name == "Punch" then game.Players.LocalPlayer.Character:WaitForChild("Humanoid"):EquipTool(v) end end for i,h in pairs(game.Players.LocalPlayer.Character:GetChildren()) do if h:IsA("Tool") and h.Name == "Punch" then h:Activate() end end game.Players.LocalPlayer.Character:WaitForChild("HumanoidRootPart").CFrame = CFrame.new(2155.61743, 3.79830337, 1227.06482, -0.551303148, -9.16796949e-09, -0.834304988, -5.61318245e-08, 1, 2.61027839e-08, 0.834304988, 6.12216127e-08, -0.551303148) end if not getgenv().RK400000 then game.Players.LocalPlayer.Character:WaitForChild("Humanoid"):UnequipTools() end end
end)
LLRE:Toggle("石头750000", "RK750000", false, function(RK750000)
    if game.Players.LocalPlayer.Durability.Value >= 750000 then getgenv().RK750000 = RK750000 while getgenv().RK750000 do wait() for i,v in pairs(game.Players.LocalPlayer.Backpack:GetChildren()) do if v:IsA("Tool") and v.Name == "Punch" then game.Players.LocalPlayer.Character:WaitForChild("Humanoid"):EquipTool(v) end end for i,h in pairs(game.Players.LocalPlayer.Character:GetChildren()) do if h:IsA("Tool") and h.Name == "Punch" then h:Activate() end end game.Players.LocalPlayer.Character:WaitForChild("HumanoidRootPart").CFrame = CFrame.new(-7285.6499, 3.66624784, -1228.27417, 0.857643783, -1.58175091e-08, -0.514244199, -1.22581563e-08, 1, -5.12025977e-08, 0.514244199, 5.02172774e-08, 0.857643783) end if not getgenv().RK750000 then game.Players.LocalPlayer.Character:WaitForChild("Humanoid"):UnequipTools() end end
end)
LLRE:Toggle("石头100万", "RK1M", false, function(RK1M)
    if game.Players.LocalPlayer.Durability.Value >= 1000000 then getgenv().RK1M = RK1M while getgenv().RK1M do wait() for i,v in pairs(game.Players.LocalPlayer.Backpack:GetChildren()) do if v:IsA("Tool") and v.Name == "Punch" then game.Players.LocalPlayer.Character:WaitForChild("Humanoid"):EquipTool(v) end end for i,h in pairs(game.Players.LocalPlayer.Character:GetChildren()) do if h:IsA("Tool") and h.Name == "Punch" then h:Activate() end end game.Players.LocalPlayer.Character:WaitForChild("HumanoidRootPart").CFrame = CFrame.new(4160.87109, 987.829102, -4136.64502, -0.893115997, 1.25481356e-05, 0.44982639, 5.02490684e-06, 1, -1.79187136e-05, -0.44982639, -1.37431543e-05, -0.893115997) end if not getgenv().RK1M then game.Players.LocalPlayer.Character:WaitForChild("Humanoid"):UnequipTools() end end
end)
LLRE:Toggle("石头500万", "RK5M", false, function(RK5M)
    if game.Players.LocalPlayer.Durability.Value >= 5000000 then getgenv().RK5M = RK5M while getgenv().RK5M do wait() for i,v in pairs(game.Players.LocalPlayer.Backpack:GetChildren()) do if v:IsA("Tool") and v.Name == "Punch" then game.Players.LocalPlayer.Character:WaitForChild("Humanoid"):EquipTool(v) end end for i,h in pairs(game.Players.LocalPlayer.Character:GetChildren()) do if h:IsA("Tool") and h.Name == "Punch" then h:Activate() end end game.Players.LocalPlayer.Character:WaitForChild("HumanoidRootPart").CFrame = CFrame.new(-8957.54395, 5.53625107, -6126.90186, -0.803919137, 6.6065212e-08, 0.594738603, -8.93136143e-09, 1, -1.23155459e-07, -0.594738603, -1.04318865e-07, -0.803919137) end if not getgenv().RK5M then game.Players.LocalPlayer.Character:WaitForChild("Humanoid"):UnequipTools() end end
end)

LLQQ:Toggle("X-安全地方", "TP-PLACE", false, function(Place)
  if Place then getgenv().place = true while getgenv().place do wait() game.Players.LocalPlayer.Character:WaitForChild("HumanoidRootPart").CFrame = CFrame.new(-51.6716728, 32.2157211, 1290.41211, 0.9945544, 1.23613528e-08, -0.104218982, -7.58742402e-09, 1, 4.62031657e-08, 0.104218982, -4.51608102e-08, 0.9945544) end else getgenv().place = false wait() game.Players.LocalPlayer.Character:WaitForChild("HumanoidRootPart").CFrame = CFrame.new(-34.1635208, 3.67689133, 219.640869, 0.599920511, -2.24152163e-09, 0.800059617, 4.46125981e-09, 1, -5.43559087e-10, -0.800059617, 3.89536625e-09, 0.599920511) end
end)
LLQQ:Button("传送到出生点", function()
  game.Players.LocalPlayer.Character.HumanoidRootPart.CFrame = CFrame.new(7, 3, 108)
end)
LLQQ:Button("传送到冰霜健身房", function()
  game.Players.LocalPlayer.Character.HumanoidRootPart.CFrame = CFrame.new(-2543, 13, -410)
end)
LLCQ:Button("传送到神话健身房", function()
  game.Players.LocalPlayer.Character.HumanoidRootPart.CFrame = CFrame.new(2177, 13, 1070)
end)
LLQQ:Button("传送到永恒健身房", function()
  game.Players.LocalPlayer.Character.HumanoidRootPart.CFrame = CFrame.new(-6686, 13, -1284)
end)
LLQQ:Button("传送到传说健身房", function()
  game.Players.LocalPlayer.Character.HumanoidRootPart.CFrame = CFrame.new(4676, 997, -3915)
end)
LLQQ:Button("传送到肌肉之王健身房", function()
  game.Players.LocalPlayer.Character.HumanoidRootPart.CFrame = CFrame.new(-8554, 22, -5642)
end)
LLQQ:Button("传送到安全岛", function()
  game.Players.LocalPlayer.Character.HumanoidRootPart.CFrame = CFrame.new(-39, 10, 1838)
end)
LLQQ:Button("传送到幸运抽奖区域", function()
  game.Players.LocalPlayer.Character.HumanoidRootPart.CFrame = CFrame.new(-2606, -2, 5753)
end)